x0,y0,z0,x1,y1,z1,x2,y2,z2,x3,y3,z3,x4,y4,z4,x5,y5,z5,x6,y6,z6,x7,y7,z7,x8,y8,z8,x9,y9,z9,x10,y10,z10,x11,y11,z11,x12,y12,z12,x13,y13,z13,x14,y14,z14,x15,y15,z15,x16,y16,z16,x17,y17,z17,x18,y18,z18,x19,y19,z19,x20,y20,z20
0.0,0.0,0.0,-0.011595308780670166,-0.07210338115692139,-0.006948823472455956,0.003970891237258911,-0.13631880283355713,-0.011151936734066226,0.01767951250076294,-0.18240338563919067,-0.013825255343661524,0.01690724492073059,-0.2199915647506714,-0.0164940914977052,0.040136903524398804,-0.13956785202026367,-0.01773249533955834,0.07760545611381531,-0.19104379415512085,-0.02771867428903363,0.10418131947517395,-0.21138954162597656,-0.03306434107010148,0.12491092085838318,-0.2212420105934143,-0.03507643369023583,0.0585460364818573,-0.1038249135017395,-0.017617173390434004,0.09405800700187683,-0.15605175495147705,-0.024896943839237906,0.11889234185218811,-0.18443995714187622,-0.028234021635697104,0.13985124230384827,-0.20270615816116333,-0.029904784532234885,0.06927397847175598,-0.07124394178390503,-0.017389381201908805,0.09932127594947815,-0.11938607692718506,-0.02300179180686257,0.11759510636329651,-0.1530975103378296,-0.024537451462791182,0.13217994570732117,-0.1759546399116516,-0.024869838627026297,0.07439115643501282,-0.04593449831008911,-0.017469918252871253,0.09711536765098572,-0.08278590440750122,-0.021537616746471144,0.11111155152320862,-0.11104846000671387,-0.0212505924422004,0.1217181384563446,-0.13341659307479858,-0.019977336646959998
0.0,0.0,0.0,-0.011299312114715576,-0.0759284496307373,-0.003189822957722299,0.008198708295822144,-0.13724100589752197,-0.003372786632610314,0.024813205003738403,-0.1794496774673462,-0.00207313529296016,0.024617165327072144,-0.21607273817062378,-0.0003450310692301173,0.049099236726760864,-0.1440356969833374,-0.009082043842283838,0.08504709601402283,-0.19432789087295532,-0.014323719144670122,0.11018213629722595,-0.21322733163833618,-0.016467711255756967,0.12973913550376892,-0.22191154956817627,-0.01603285253128206,0.0656379759311676,-0.10895991325378418,-0.007933048830238931,0.10025003552436829,-0.16405051946640015,-0.012103167661337011,0.1240750253200531,-0.19099324941635132,-0.012542809658555143,0.1441037952899933,-0.20799893140792847,-0.011280593761114233,0.0738053023815155,-0.07866990566253662,-0.006308610849885099,0.10161945223808289,-0.13247185945510864,-0.008582051210908048,0.11696270108222961,-0.16393399238586426,-0.005788541232107036,0.12941429018974304,-0.18321090936660767,-0.002224923410324209,0.07522448897361755,-0.05793040990829468,-0.004815339409617536,0.09499427676200867,-0.10689312219619751,-0.003905925965739243,0.10665211081504822,-0.13599753379821777,0.001225293198729105,0.1149761974811554,-0.15470248460769653,0.0064450094282051396
0.0,0.0,0.0,-0.006061166524887085,-0.0776599645614624,0.004685392572206126,0.01632291078567505,-0.1362716555595398,0.009733330892991887,0.03659713268280029,-0.17902284860610962,0.014239297683012353,0.04012322425842285,-0.21741312742233276,0.019343945632350312,0.050833940505981445,-0.14587163925170898,0.00909020050115572,0.07944393157958984,-0.19930624961853027,0.009084858434867726,0.09792673587799072,-0.22041547298431396,0.009043340074491368,0.11287575960159302,-0.23309749364852905,0.00983617405093895,0.06836825609207153,-0.11691427230834961,0.006906900523823367,0.09741681814193726,-0.17372065782546997,0.007989442410540448,0.11338591575622559,-0.1987941861152649,0.00854295628763424,0.1273425817489624,-0.21766740083694458,0.009556947710585462,0.0777890682220459,-0.0905001163482666,0.0047651263574479685,0.10342168807983398,-0.14692139625549316,0.00484799264616953,0.11683261394500732,-0.17547452449798584,0.006751607141119109,0.12780332565307617,-0.19578421115875244,0.008741022522222863,0.08020246028900146,-0.07200127840042114,0.002973226566460596,0.09829205274581909,-0.11767351627349854,0.005041531721722947,0.10865795612335205,-0.14293259382247925,0.008982848810624944,0.11661374568939209,-0.1623976230621338,0.01239153879381405
0.0,0.0,0.0,-0.000314563512802124,-0.08221423625946045,0.005888511119884754,0.020786404609680176,-0.13846343755722046,0.009583414691043401,0.03997105360031128,-0.1799459457397461,0.012202157797766233,0.04347950220108032,-0.21667009592056274,0.014738362441313768,0.05597555637359619,-0.13003909587860107,0.0077787024625664,0.07928097248077393,-0.1905232071876526,0.007795678144795204,0.0939367413520813,-0.2148004174232483,0.007805747138810659,0.10694223642349243,-0.23023921251296997,0.008396381671083475,0.07354468107223511,-0.10095399618148804,0.004665808910978342,0.09848183393478394,-0.16907060146331787,0.005249889260632301,0.11100548505783081,-0.1992749571800232,0.005880527357113863,0.12260556221008301,-0.21982938051223755,0.0067717574262147195,0.08205562829971313,-0.07641947269439697,0.001964536188644672,0.10526120662689209,-0.14410024881362915,0.001974723926288391,0.11530673503875732,-0.1776788830757141,0.004956427654725815,0.1239050030708313,-0.19914096593856812,0.007516730735552812,0.0820128321647644,-0.06133037805557251,-0.00022058266167590546,0.09828609228134155,-0.11229062080383301,0.001489268425395096,0.10748553276062012,-0.14161533117294312,0.005801500911367441,0.11556625366210938,-0.1635054349899292,0.009464044282687212
0.0,0.0,0.0,0.0046953558921813965,-0.07228255271911621,0.0108909047194512,0.025709450244903564,-0.1247052550315857,0.01829225467375828,0.04326051473617554,-0.16124582290649414,0.023674982505360376,0.05168163776397705,-0.19275283813476562,0.028998778107085954,0.06790030002593994,-0.10813707113265991,0.016337226050415765,0.08369278907775879,-0.16994810104370117,0.021799453439632188,0.09370851516723633,-0.20024794340133667,0.02396985040835453,0.10427975654602051,-0.22389841079711914,0.025123267339983713,0.07814669609069824,-0.09612530469894409,0.01144293499968363,0.09714877605438232,-0.16347920894622803,0.015957505347648393,0.10687065124511719,-0.19620805978775024,0.017256476821819078,0.11707627773284912,-0.2183229923248291,0.018313017579236757,0.07884842157363892,-0.091949462890625,0.007246098852226268,0.09371697902679443,-0.15849816799163818,0.010333764272251855,0.1036534309387207,-0.1949326992034912,0.01198410978398634,0.11423420906066895,-0.21751290559768677,0.013213301914253961,0.07170343399047852,-0.1014714241027832,0.003923795091429483,0.0846792459487915,-0.15713727474212646,0.007770304939219486,0.09518909454345703,-0.18675518035888672,0.01215489012978388,0.10579806566238403,-0.20667707920074463,0.015592180097916852
0.0,0.0,0.0,-0.0025725960731506348,-0.08272862434387207,0.007147239732306687,0.020304441452026367,-0.13375580310821533,0.013859607024800269,0.04401957988739014,-0.15629303455352783,0.019573162986647574,0.057148098945617676,-0.16858911514282227,0.025715762494813887,0.058065712451934814,-0.12863612174987793,0.0071124539028222244,0.07783907651901245,-0.1907709836959839,0.011263524858962981,0.08991354703903198,-0.21302461624145508,0.014695528640162436,0.10236614942550659,-0.22629183530807495,0.017755517481576888,0.0748487114906311,-0.09786456823348999,0.005741694221955029,0.09495604038238525,-0.16702258586883545,0.009979099712085215,0.10534793138504028,-0.19562745094299316,0.012203906408261744,0.11586499214172363,-0.2120194435119629,0.014207183128904788,0.0830303430557251,-0.06832826137542725,0.005394550251525132,0.08837252855300903,-0.12304282188415527,0.007847849956464259,0.07938700914382935,-0.1365419626235962,0.009077690287243811,0.07289862632751465,-0.13596874475479126,0.011334439485084502,0.08462381362915039,-0.04734909534454346,0.005869612774562327,0.08826619386672974,-0.09211170673370361,0.011680680072617022,0.08149451017379761,-0.10392439365386963,0.016964586197149245,0.07383877038955688,-0.10274612903594971,0.021569320677530257
0.0,0.0,0.0,-0.001903533935546875,-0.084544837474823,0.004398328306534083,0.02250853180885315,-0.13721811771392822,0.010280625483401806,0.04545468091964722,-0.15565037727355957,0.015915169900663884,0.05648326873779297,-0.16620391607284546,0.02176394272447446,0.06060492992401123,-0.12304556369781494,0.0028200373597524475,0.07830411195755005,-0.1906672716140747,0.006842378115662129,0.08856970071792603,-0.21254432201385498,0.01053972687424043,0.10069543123245239,-0.2226770520210266,0.013611494152256043,0.07709044218063354,-0.09285467863082886,0.002914303269617946,0.09540790319442749,-0.16563433408737183,0.008047452716537506,0.10289925336837769,-0.1926344633102417,0.011287582626946957,0.11173158884048462,-0.20468366146087646,0.013648071846374066,0.08450967073440552,-0.06493330001831055,0.003890997551762254,0.08724069595336914,-0.12530595064163208,0.007309019154318364,0.07566487789154053,-0.13702011108398438,0.008779345600315125,0.06772732734680176,-0.13225877285003662,0.010530682800718338,0.08522987365722656,-0.04509592056274414,0.005337455364324839,0.0841476321220398,-0.08961158990859985,0.00998776737452367,0.07524192333221436,-0.10010051727294922,0.013795689268418343,0.06667536497116089,-0.09676676988601685,0.017210522255309613
0.0,0.0,0.0,0.002852141857147217,-0.07571911811828613,0.0025819263429767147,0.026685327291488647,-0.1287764310836792,0.006737119100002076,0.047360002994537354,-0.15571880340576172,0.010982923722771432,0.05765819549560547,-0.1708882451057434,0.015440355568138386,0.06757861375808716,-0.10151374340057373,-0.0019473506361791237,0.08129531145095825,-0.1780686378479004,0.0007079967073551074,0.08533591032028198,-0.2052106261253357,0.004133152822909381,0.09442895650863647,-0.2195223569869995,0.006338070659843709,0.08178949356079102,-0.08129113912582397,-0.0023660296099805578,0.09521132707595825,-0.16133803129196167,-0.0004934767601625367,0.09708690643310547,-0.18839037418365479,0.0022289772061085955,0.10331970453262329,-0.20001381635665894,0.004352721898762013,0.08667224645614624,-0.06438249349594116,-0.0018977188263633593,0.0862848162651062,-0.12992572784423828,-0.001767236342708145,0.0749356746673584,-0.13626712560653687,3.769336777992294e-05,0.07003927230834961,-0.12838923931121826,0.0021437535071200386,0.08453398942947388,-0.05634438991546631,-0.0010696200877973183,0.0827680230140686,-0.10016989707946777,0.00017219390807809987,0.07508456707000732,-0.1057431697845459,0.0033019672156697766,0.06896162033081055,-0.09967911243438721,0.0065160491978204504
0.0,0.0,0.0,0.0016238391399383545,-0.08768987655639648,0.002718219042932901,0.026785701513290405,-0.14026814699172974,0.005559486079206977,0.05106082558631897,-0.16199588775634766,0.008220118212690863,0.06472834944725037,-0.1684132218360901,0.01122909758537105,0.06667426228523254,-0.11060941219329834,-0.00296617697627255,0.07795611023902893,-0.18413686752319336,-0.00047510632016667387,0.07230153679847717,-0.19832807779312134,0.00288407944439939,0.07417306303977966,-0.19557404518127441,0.004959068468949113,0.0824112594127655,-0.07973223924636841,-0.003875611840570059,0.09535369277000427,-0.15847408771514893,-0.001194127161809888,0.0889180600643158,-0.17921894788742065,0.0023167689546852444,0.08859989047050476,-0.18203848600387573,0.004527870307853732,0.08817854523658752,-0.05275392532348633,-0.00366022696421453,0.0901121199131012,-0.12349659204483032,-0.0026607204012663033,0.07656022906303406,-0.13118302822113037,0.0005252678861751292,0.07032725214958191,-0.1222224235534668,0.002700675952425513,0.08620414137840271,-0.036161601543426514,-0.002977394989514437,0.0858820378780365,-0.08691972494125366,-0.0003502005087767657,0.07513728737831116,-0.0947619080543518,0.004746892231693778,0.06657060980796814,-0.0885205864906311,0.008784132751813445
0.0,0.0,0.0,0.03376948833465576,-0.008013248443603516,0.013340207726500353,0.059774190187454224,-0.03961741924285889,0.018197158329925855,0.07076659798622131,-0.08501899242401123,0.019676467382154783,0.07020977139472961,-0.12356579303741455,0.020998932399592718,0.08295062184333801,-0.026007354259490967,0.014052865073821863,0.09171059727668762,-0.10562586784362793,0.014804493614278158,0.08549001812934875,-0.1408591866493225,0.015734998487673124,0.08139875531196594,-0.1536693572998047,0.016715452053389868,0.08394560217857361,-0.05455124378204346,0.006516161353133043,0.09811040759086609,-0.1412876844406128,0.008657373466334661,0.09272924065589905,-0.1705256700515747,0.012675168902418932,0.09026309847831726,-0.18250799179077148,0.015651298665247282,0.0775175392627716,-0.0879969596862793,-0.0005719320249824023,0.09370419383049011,-0.1702439785003662,0.001337749978333136,0.09167787432670593,-0.19512438774108887,0.0065669473044494,0.09269174933433533,-0.20358407497406006,0.00980837268456014,0.06421944499015808,-0.12935608625411987,-0.0066078524321397936,0.07712653279304504,-0.18887639045715332,-0.004706490340836922,0.08230063319206238,-0.2088233232498169,0.0004657116153197194,0.08754059672355652,-0.21641749143600464,0.004539879017315229
0.0,0.0,0.0,0.023258745670318604,-0.025861382484436035,0.010954609078936528,0.050233036279678345,-0.0530397891998291,0.013824083780519913,0.06969699263572693,-0.089275062084198,0.014456157510750245,0.07939192652702332,-0.12297803163528442,0.014896188800804566,0.08372858166694641,-0.028814613819122314,0.006287190535687159,0.09194484353065491,-0.10522657632827759,0.007390118142239999,0.08198067545890808,-0.13507580757141113,0.008179559310548257,0.07671824097633362,-0.14560860395431519,0.008854745825402688,0.08733847737312317,-0.04384678602218628,-0.00030579904338878805,0.09706732630729675,-0.12368780374526978,0.0022411250356810797,0.08669605851173401,-0.15138226747512817,0.003960682017378758,0.07965949177742004,-0.16108912229537964,0.004238894147448491,0.08305159211158752,-0.06952095031738281,-0.005627741167671729,0.09230706095695496,-0.14336323738098145,-0.0046561104863656055,0.08481433987617493,-0.1631651520729065,-0.002291594460956503,0.08146587014198303,-0.16671311855316162,-0.0016745933716890704,0.07398834824562073,-0.10764855146408081,-0.009625187205500652,0.08467093110084534,-0.16620081663131714,-0.008786641123123218,0.08737245202064514,-0.18874907493591309,-0.004873153349734594,0.09144577383995056,-0.1996639370918274,-0.0020565889462602627
0.0,0.0,0.0,0.012852907180786133,-0.09554833173751831,-0.0031227273962173285,0.04662346839904785,-0.14766371250152588,-0.0016396420637789788,0.07766726613044739,-0.17562651634216309,0.000647630649368125,0.0962129533290863,-0.20148921012878418,0.003218233575793761,0.07843807339668274,-0.091563880443573,0.0007109085467931209,0.0905739963054657,-0.15685677528381348,0.0012929564013433037,0.09354075789451599,-0.18908727169036865,-6.938752859753095e-05,0.09870567917823792,-0.2085869312286377,-0.0014178273363683047,0.08790740370750427,-0.054416000843048096,0.0019825436079230485,0.09298846125602722,-0.11847686767578125,0.0030404578333076415,0.08340868353843689,-0.13815057277679443,0.0013859345249187527,0.07808557152748108,-0.14118552207946777,-0.0003095907836865308,0.08953550457954407,-0.026558995246887207,0.0034287650973823247,0.08868589997291565,-0.08982563018798828,0.001769914398650485,0.07554635405540466,-0.09993231296539307,0.0011296180214088736,0.06635269522666931,-0.09171581268310547,0.0009684219744343636,0.08652415871620178,-0.010859966278076172,0.00494381295492019,0.08782318234443665,-0.06340688467025757,0.004773686863231319,0.07759091258049011,-0.0742378830909729,0.007364197857427257,0.06787928938865662,-0.06955587863922119,0.010021468847739357
0.0,0.0,0.0,0.011739194393157959,-0.08941727876663208,-0.00426696451491182,0.04606443643569946,-0.13806897401809692,-0.002374788290993024,0.07544907927513123,-0.15807819366455078,0.0009008195379891504,0.0915202796459198,-0.16833996772766113,0.0043654322985702265,0.07443031668663025,-0.07725608348846436,-0.004165158850312878,0.09034571051597595,-0.14168798923492432,-0.004756960329771687,0.09794875979423523,-0.18040895462036133,-0.005562342015267063,0.10625746846199036,-0.20999574661254883,-0.00591947302332585,0.086981862783432,-0.04643362760543823,-0.002045218843207408,0.10065457224845886,-0.11579543352127075,-0.0034045644674307596,0.10461017489433289,-0.16082656383514404,-0.006029656400144745,0.10983279347419739,-0.19427478313446045,-0.00703493856003945,0.09248867630958557,-0.023120224475860596,0.0005802861310684193,0.09263810515403748,-0.09181821346282959,-0.002857417111457039,0.0843026340007782,-0.10855972766876221,-0.004056483284742285,0.07967528700828552,-0.10969626903533936,-0.0029231337934589874,0.09250906109809875,-0.0122414231300354,0.003260705609633874,0.09263148903846741,-0.07386904954910278,0.0026938037376993407,0.08424362540245056,-0.09013885259628296,0.006079230214297127,0.07646718621253967,-0.09031575918197632,0.010190197023391079
0.0,0.0,0.0,0.010670244693756104,-0.08997881412506104,-0.00918133399906651,0.04595610499382019,-0.1442086100578308,-0.008769769514827885,0.0774107575416565,-0.1755671501159668,-0.00592372083562509,0.09408485889434814,-0.20568937063217163,-0.0022135843196053884,0.0736423134803772,-0.07605934143066406,-0.011122013735501923,0.09127146005630493,-0.14910626411437988,-0.013811941551892915,0.1005677580833435,-0.1904827356338501,-0.015493406276135602,0.11101382970809937,-0.2220657467842102,-0.016698980065910973,0.08735400438308716,-0.04592561721801758,-0.00717200647565619,0.10190808773040771,-0.12445312738418579,-0.011322004082529702,0.10794395208358765,-0.17180442810058594,-0.014183702240615048,0.11515653133392334,-0.20797455310821533,-0.015367909627883591,0.09382092952728271,-0.024891793727874756,-0.0029704925277371785,0.09361833333969116,-0.1000472903251648,-0.009042580905287423,0.08328253030776978,-0.11270272731781006,-0.00943059782954947,0.07676959037780762,-0.1127934455871582,-0.007413413203238406,0.09515327215194702,-0.016089916229248047,0.0007247062144699612,0.09445661306381226,-0.0807340145111084,-0.0029779193596084497,0.08477097749710083,-0.09379416704177856,-0.0005400812392224452,0.07571125030517578,-0.09207820892333984,0.0032030282868902304
0.0,0.0,0.0,0.006070494651794434,-0.08706057071685791,-0.011072307899997469,0.03688517212867737,-0.1455708146095276,-0.013435687944696184,0.06415778398513794,-0.18628674745559692,-0.01310843423049235,0.0750432014465332,-0.2291608452796936,-0.012060181312666174,0.0702257752418518,-0.09117347002029419,-0.01345824830274367,0.09280622005462646,-0.15806806087493896,-0.01762328211258435,0.10702252388000488,-0.19306224584579468,-0.020809077732668158,0.12155002355575562,-0.21921002864837646,-0.022920495905385252,0.08473736047744751,-0.056005656719207764,-0.00877125754992747,0.10498183965682983,-0.12919706106185913,-0.012169615440473791,0.11661702394485474,-0.170987069606781,-0.01408356808166289,0.12959295511245728,-0.20239579677581787,-0.015138121396706339,0.09055191278457642,-0.03057277202606201,-0.004026221186325785,0.09607291221618652,-0.09728211164474487,-0.00880708832334065,0.09022289514541626,-0.1142072081565857,-0.007744331453398701,0.08642524480819702,-0.12098813056945801,-0.005223529488251444,0.09101676940917969,-0.01663351058959961,-4.701366709269905e-06,0.09324300289154053,-0.07072782516479492,-0.0025446301609584054,0.08689969778060913,-0.08400297164916992,0.000764401787488822,0.08068829774856567,-0.08668237924575806,0.00478343006183124
0.0,0.0,0.0,0.002102077007293701,-0.08220720291137695,-0.013151942458350163,0.03005695343017578,-0.14769494533538818,-0.017083759125668507,0.050477564334869385,-0.19727551937103271,-0.016999059062797528,0.05321532487869263,-0.23823827505111694,-0.015993636738855344,0.0673486590385437,-0.10196071863174438,-0.021335596856076222,0.09853076934814453,-0.1690281629562378,-0.02576883573492239,0.1180078387260437,-0.19508296251296997,-0.028770737987358075,0.13661730289459229,-0.21081948280334473,-0.0300826883729286,0.08203953504562378,-0.0664401650428772,-0.013364611830908757,0.11022204160690308,-0.13986045122146606,-0.013844960075218182,0.12910330295562744,-0.17858535051345825,-0.012578296181160908,0.14880645275115967,-0.20404160022735596,-0.011731216390032273,0.08716022968292236,-0.04090619087219238,-0.005095864352185231,0.09960061311721802,-0.10890257358551025,-0.0032704078446812446,0.09946250915527344,-0.14032161235809326,0.0012959745392464583,0.09878569841384888,-0.15228402614593506,0.004899031776588458,0.08655625581741333,-0.02804875373840332,0.0019782779883854573,0.09342235326766968,-0.08569663763046265,0.004398015621703166,0.09049183130264282,-0.10931789875030518,0.009740828830402393,0.08629149198532104,-0.11726200580596924,0.014482572037380237
0.0,0.0,0.0,-0.00041294097900390625,-0.08098798990249634,-0.008682840079131893,0.022431373596191406,-0.14680957794189453,-0.011786169879201225,0.03772205114364624,-0.19964754581451416,-0.012237349100473693,0.034214794635772705,-0.23603415489196777,-0.01233943416184502,0.06253018975257874,-0.1117674708366394,-0.017830837093356422,0.09802857041358948,-0.1686248779296875,-0.024349767290118507,0.1224660575389862,-0.18966615200042725,-0.02784000480926352,0.14238014817237854,-0.2016429901123047,-0.028753822244766525,0.07882198691368103,-0.07514232397079468,-0.013171158306363395,0.1146635115146637,-0.13756996393203735,-0.017035161651733688,0.13783404231071472,-0.1694110631942749,-0.017009732820156387,0.15796193480491638,-0.18922114372253418,-0.016169528983596138,0.08657357096672058,-0.046074509620666504,-0.008195495739641956,0.11635121703147888,-0.10319483280181885,-0.00995398829138594,0.1350248157978058,-0.1373211145401001,-0.008104195393684677,0.14941713213920593,-0.1579722762107849,-0.005956092890414766,0.08799555897712708,-0.028271734714508057,-0.003785092890325359,0.1150759756565094,-0.06048786640167236,-0.003922948654803804,0.13213053345680237,-0.07999807596206665,-0.0010953289867075,0.1458905041217804,-0.09414410591125488,0.0018657459467021908
0.0,0.0,0.0,-0.0018230080604553223,-0.08218008279800415,-0.0042866735460620475,0.019107162952423096,-0.14813220500946045,-0.005925628051386411,0.03287160396575928,-0.19766861200332642,-0.00619160725943857,0.0315001904964447,-0.2358086109161377,-0.006111806884632642,0.058551669120788574,-0.12249410152435303,-0.011427475299910839,0.09283101558685303,-0.18051016330718994,-0.016581147138253982,0.11514073610305786,-0.20040631294250488,-0.018787634719387825,0.13306009769439697,-0.2103480100631714,-0.01889203598000222,0.07516580820083618,-0.08765554428100586,-0.010312592771128948,0.11085313558578491,-0.14686799049377441,-0.013750789847449596,0.13288825750350952,-0.17444324493408203,-0.014176429409758384,0.15201473236083984,-0.19187653064727783,-0.013653231945113475,0.08318400382995605,-0.060793399810791016,-0.008832812469677265,0.11218404769897461,-0.11790704727172852,-0.01106771377124005,0.1291559934616089,-0.14948636293411255,-0.009551457289830978,0.1436934471130371,-0.16900616884231567,-0.007612027388290699,0.08519941568374634,-0.04644370079040527,-0.007457593150661523,0.10715103149414062,-0.0947040319442749,-0.007323696904109056,0.11969578266143799,-0.12181156873703003,-0.0034745008891832185,0.1301027536392212,-0.1408393383026123,0.00010117413296484301
0.0,0.0,0.0,-0.00384482741355896,-0.08073389530181885,-0.005652289592163129,0.017085790634155273,-0.1464051604270935,-0.006241400480703874,0.03246784210205078,-0.19310766458511353,-0.004665983129726214,0.03180217742919922,-0.2330206036567688,-0.0026115961246802044,0.061047106981277466,-0.1265619993209839,-0.012781562969522042,0.09153726696968079,-0.1896892786026001,-0.013494550936357541,0.1077984869480133,-0.21305888891220093,-0.012343774304227395,0.12161657214164734,-0.22553879022598267,-0.010610003710226579,0.07575049996376038,-0.09378117322921753,-0.008200550206439061,0.09943237900733948,-0.15960276126861572,-0.006244458944038911,0.10708287358283997,-0.19058990478515625,-0.0025130279701812697,0.11548855900764465,-0.2086910605430603,0.00010948149962075604,0.08044466376304626,-0.06789427995681763,-0.0029424556870623064,0.09637901186943054,-0.1281554102897644,-0.0007666224720566106,0.0975511372089386,-0.15557074546813965,0.004347943480624394,0.09904471039772034,-0.16664069890975952,0.008115833870633082,0.07993194460868835,-0.05426955223083496,0.0021150580267743635,0.09246763586997986,-0.10540765523910522,0.005498874246640639,0.09412261843681335,-0.12889212369918823,0.011596058740778403,0.09301713109016418,-0.13876873254776,0.016613593570454555
0.0,0.0,0.0,-0.0030166208744049072,-0.08225542306900024,-0.0010353571910801662,0.017561733722686768,-0.14011543989181519,0.000809583865253316,0.03378051519393921,-0.18614977598190308,0.0035359096305054294,0.030532926321029663,-0.2240811586380005,0.006710806448159801,0.058246493339538574,-0.1223992109298706,-0.0009719703871216012,0.07732546329498291,-0.1915690302848816,0.00018681094798544962,0.08762973546981812,-0.21845239400863647,0.001604394341034876,0.09823375940322876,-0.23426419496536255,0.0030980823153239356,0.0742412805557251,-0.09626615047454834,0.001117900299055563,0.09196329116821289,-0.17029285430908203,0.0012141332786139714,0.09877336025238037,-0.20187878608703613,0.0029800681454670297,0.10696399211883545,-0.22203928232192993,0.005043507140277015,0.08039551973342896,-0.0757177472114563,0.003811385302020298,0.09373033046722412,-0.14522117376327515,0.004615289211420404,0.09909176826477051,-0.1775798797607422,0.008886951074151384,0.10457378625869751,-0.19673961400985718,0.012645514734236585,0.07975023984909058,-0.06572741270065308,0.006512922287134515,0.08996427059173584,-0.11959719657897949,0.010366947442440377,0.09414595365524292,-0.1470961570739746,0.016260934114603387,0.09653657674789429,-0.1644541621208191,0.021078621089605676
0.0,0.0,0.0,-0.0001977086067199707,-0.07927310466766357,0.0007584793618491403,0.020949095487594604,-0.1384185552597046,0.003387009213639658,0.037206172943115234,-0.18262016773223877,0.005785588129384678,0.03411075472831726,-0.21780651807785034,0.008522102563603084,0.05893698334693909,-0.11779719591140747,0.0007419270821458213,0.07781878113746643,-0.18715214729309082,0.0010837881834788732,0.0900486409664154,-0.2116835117340088,0.001879127417652171,0.10183849930763245,-0.2278808355331421,0.002991340077443283,0.07558628916740417,-0.08966672420501709,0.0005772324055044464,0.09571030735969543,-0.16084778308868408,0.0019260566457717232,0.10488680005073547,-0.19039320945739746,0.0030563503512723855,0.11252322793006897,-0.20882433652877808,0.004150073463989656,0.08182969689369202,-0.06556791067123413,0.000793446158951383,0.08953604102134705,-0.1242363452911377,0.0013648143047078065,0.08340844511985779,-0.14313143491744995,0.003446809901817005,0.0773763358592987,-0.1486344337463379,0.005856690882666271,0.08062902092933655,-0.05146139860153198,0.001083104941955071,0.08525428175926208,-0.09425914287567139,0.0044602262330784015,0.07984200119972229,-0.11031562089920044,0.009091171390338104,0.07273170351982117,-0.1167060136795044,0.012981025456411999
0.0,0.0,0.0,0.023681670427322388,-0.048242390155792236,0.005040511252014879,0.04156315326690674,-0.10959529876708984,0.006646703226148132,0.04439401626586914,-0.1695115566253662,0.0065899838187089,0.03714749217033386,-0.21175247430801392,0.00685385264980698,0.07991433143615723,-0.08354717493057251,0.0040333976462771925,0.08410996198654175,-0.16916000843048096,0.0030582812574049267,0.08826398849487305,-0.20123624801635742,0.0026767714839717183,0.097445547580719,-0.22127747535705566,0.0019317517249202165,0.0804397463798523,-0.0908212661743164,-0.0011253362795049515,0.09080010652542114,-0.17487949132919312,-0.001959863355726954,0.09710162878036499,-0.20244109630584717,-0.0027072962879846063,0.10602855682373047,-0.21878892183303833,-0.0036521181504884925,0.07179874181747437,-0.10117930173873901,-0.005921546141029355,0.06788140535354614,-0.1672278642654419,-0.009203612109989878,0.05731523036956787,-0.16297149658203125,-0.010077229937882182,0.05266350507736206,-0.15027064085006714,-0.009687142683536765,0.05729943513870239,-0.11767476797103882,-0.010278715057642218,0.05227184295654297,-0.16346877813339233,-0.012593029303819891,0.045839130878448486,-0.16670876741409302,-0.012163093550474402,0.040775418281555176,-0.16498619318008423,-0.011213256283075568
0.0,0.0,0.0,0.004158765077590942,-0.07447576522827148,0.001839806592045079,0.025455474853515625,-0.13334697484970093,0.004929670748254011,0.04160100221633911,-0.17725706100463867,0.00785062383948798,0.04475528001785278,-0.21088945865631104,0.011351051890244435,0.07299482822418213,-0.10454529523849487,0.00024370747706825568,0.07750147581100464,-0.1895264983177185,0.001324802321335028,0.08034509420394897,-0.21612298488616943,0.002591772853349994,0.08954030275344849,-0.2306678295135498,0.0031144941793286307,0.08494895696640015,-0.08888435363769531,-0.001062812715815653,0.09022730588912964,-0.17115706205368042,0.00017959496909725203,0.09152203798294067,-0.1967335343360901,0.001215078086545418,0.09834796190261841,-0.2102634310722351,0.0016352486898654206,0.08759516477584839,-0.07584279775619507,-0.001832103556068887,0.07948005199432373,-0.14561963081359863,-0.0030645659091419475,0.06664127111434937,-0.1472908854484558,-0.0018892078325620787,0.0616304874420166,-0.13891971111297607,-0.00045732905999784634,0.08342653512954712,-0.06940579414367676,-0.0025388687747067706,0.0751158595085144,-0.11372333765029907,-0.0037242959617174165,0.06486642360687256,-0.11474263668060303,-0.0020933557199782626,0.058341026306152344,-0.10924845933914185,0.00010956902116276979
0.0,0.0,0.0,0.01314052939414978,-0.06504172086715698,0.005713239244215629,0.03840470314025879,-0.12085449695587158,0.010540639913671157,0.05550244450569153,-0.15858995914459229,0.014362935840182445,0.06258675456047058,-0.1813097596168518,0.018683961524658343,0.08560672402381897,-0.09289473295211792,0.002963691183396122,0.08005943894386292,-0.18851983547210693,0.0032878554677893135,0.06296178698539734,-0.1980406641960144,0.0036189681170810672,0.059952110052108765,-0.1877140998840332,0.003560007714696667,0.08813527226448059,-0.09071749448776245,0.0004943261640448782,0.07549932599067688,-0.17799216508865356,0.0015219172248919222,0.05888059735298157,-0.1714363694190979,0.0029206771189649317,0.05588385462760925,-0.1510598063468933,0.003554562504433534,0.0813545286655426,-0.09158259630203247,-0.0011497816983307985,0.06188187003135681,-0.16175949573516846,-0.0015260888710315612,0.047376424074172974,-0.1478680968284607,-0.0003980286225839791,0.04637923836708069,-0.12614572048187256,-0.00022001360295575978,0.06933018565177917,-0.0969422459602356,-0.0023030406543682602,0.05231538414955139,-0.1461789608001709,-0.003203033537573674,0.038726359605789185,-0.13333511352539062,-0.0014788009673054603,0.03380236029624939,-0.11589986085891724,0.0004468740856111708
0.0,0.0,0.0,0.026650577783584595,-0.021541953086853027,0.008503221298923336,0.053593218326568604,-0.06202387809753418,0.013765716317465149,0.0646623969078064,-0.10537463426589966,0.01733285500424131,0.06627780199050903,-0.14000213146209717,0.020740813899209343,0.08778584003448486,-0.04446256160736084,0.01057604639547094,0.08622121810913086,-0.12268924713134766,0.011444334264268718,0.08021336793899536,-0.16282671689987183,0.010115851971676193,0.07869178056716919,-0.18873846530914307,0.00885604074912294,0.08697718381881714,-0.06369858980178833,0.0062119828978381975,0.08599048852920532,-0.14220350980758667,0.009594503182341896,0.07844865322113037,-0.1717890501022339,0.009780109252204738,0.07469677925109863,-0.18989109992980957,0.008838177982141815,0.07857352495193481,-0.08913224935531616,0.0023106903279028757,0.07434350252151489,-0.15627002716064453,0.004207468915154777,0.0679888129234314,-0.1724073886871338,0.004553051057627044,0.06569743156433105,-0.1798197627067566,0.003776870991458736,0.06489890813827515,-0.12221872806549072,-0.0010271177418701427,0.06098043918609619,-0.16590332984924316,-0.0001816422702916043,0.058737218379974365,-0.17698490619659424,0.0011155383869834168,0.05718255043029785,-0.185538649559021,0.0020371327152304275
0.0,0.0,0.0,0.02912542223930359,-0.005985140800476074,0.010099548099873346,0.05928903818130493,-0.04077798128128052,0.018070760367749017,0.07097220420837402,-0.08177989721298218,0.024353292955396455,0.06972348690032959,-0.117839515209198,0.03019456490719108,0.0852198600769043,-0.04210847616195679,0.016121995820043367,0.08513611555099487,-0.10891467332839966,0.02187258675539283,0.08091527223587036,-0.14658457040786743,0.023376989363072198,0.07983899116516113,-0.17205512523651123,0.023971271885869783,0.08352696895599365,-0.06510543823242188,0.012458445689020436,0.08532649278640747,-0.12715363502502441,0.020883661879537385,0.0807352066040039,-0.15578752756118774,0.02304855473184375,0.07742869853973389,-0.17403250932693481,0.023668899385569375,0.07307487726211548,-0.09340637922286987,0.009503803400633615,0.07515907287597656,-0.14673638343811035,0.01490944549286155,0.07332664728164673,-0.16834640502929688,0.015501562690673154,0.07161712646484375,-0.18080759048461914,0.014921942910490316,0.05762755870819092,-0.12718427181243896,0.007474428227482122,0.058294594287872314,-0.1644790768623352,0.01093977708214311,0.05807805061340332,-0.17600929737091064,0.01374285034680156,0.05646449327468872,-0.1840469241142273,0.01596463024461059
0.0,0.0,0.0,0.0310555100440979,0.012114882469177246,0.01722609491454108,0.06099244952201843,-0.012493908405303955,0.029498247964248492,0.07385072112083435,-0.049465835094451904,0.0386464806030844,0.07232823967933655,-0.0848340392112732,0.04689491407381041,0.08138063549995422,-0.03443121910095215,0.03036466108070357,0.08878383040428162,-0.08453971147537231,0.0412746282051657,0.08546939492225647,-0.11659902334213257,0.04517968611227019,0.08112749457359314,-0.13534390926361084,0.04761302710877402,0.0776815116405487,-0.0657128095626831,0.025793690768942668,0.08250656723976135,-0.10754871368408203,0.040734520716533495,0.07778903841972351,-0.1255776286125183,0.04370307044492705,0.07221278548240662,-0.13224905729293823,0.044262206716403796,0.06609299778938293,-0.09630024433135986,0.022284051937923266,0.07253316044807434,-0.13015127182006836,0.03417533875809653,0.07133737206459045,-0.14118289947509766,0.036459250910148455,0.06800976395606995,-0.1443784236907959,0.03610778467164977,0.05103549361228943,-0.12774324417114258,0.02032466472493155,0.05927005410194397,-0.1551693081855774,0.029717123670444323,0.06118735671043396,-0.16309934854507446,0.03518696741567595,0.059966713190078735,-0.16768759489059448,0.03881135077582343
